2499436
261360
2499436
7914907
1344901
523472
6075959
1344901
9383549
2280176
1581425
1568290
2280176
241846
690548
1906135
1242067
2109711
1242067
2347798
2109711
2109711
2109711
2109711
9223148
9383549
9383549
9383549
2499436
2273628
9383549
2109711
3661783
9383549
4240456
4240456
2499436
5840837
1173049
5316814
9383549
3661783
3851839
2273628
4343259
6960480
631013
2109711
9223148
631013
4343259
4343259
9383549
3661783
2109711
1242067
10563285
1952301
9383549
4343259
3170902
5228104
2499436
2273628
4347397
4343259
3661783
10156936
4023887
2499436
9383549
9383549
1568290
2273628
2273628
5356891
9383549
6313657
4934354
10563285
1173049
9383549
2280176
9383549
1344901
2280176
7839237
2273628
4343259
10462979
2273628
2273628
2273628
4343259
1906135
3479234
1568290
10582495
2280176
2273628
631013
9383549
9271120
9383549
9383549
448440
1906135
631013
9383549
2280176
9383549
9239002
690548
9383549
5356891
9383549
2280176
1568290
1568290
9383549
690548
2109711
241846
9383549
241846
9383549
2109711
10563285
2109711
2109711
9383549
2109711
9223148
11252641
2280176
2241756
1173049
2109711
3001679
1438239
1173049
2273628
3001679
3001679
1245103
1245103
3479234
9383549
9383549
3479234
5840837
2294159
1906135
3632961
8344767
3851839
3851839
2133982
9223148
1242067
3314546
9383549
3661783
3661783
8978264
4343259
4343259
4458304
3118253
2273628
9383549
9383549
3661783
1952301
2280176
1242067
241846
4347397
241846
9383549
2962688
1906135
1242067
1906135
4347397
9383549
2280176
631013
9383549
261360
2133982
3118253
2273628
3479234
9833404
2273628
1581425
3170902
2273628
9383549
4343259
4023887
2499436
2133982
2273628
9383549
9223148
2273628
1568290
2499436
5884581
1242067
2499436
5905006
2273628
2499436
2499436
9383549
9383549
2995505
2499436
445763
9383549
9383549
5840837
9778610
1173049
12456067
1242067
11434802
1619642
690548
2499436
1780457
11765548
2109711
1952301
1952301
2004508
2109711
2273628
2280176
2280176
9383549
2294159
2109711
2109711
2109711
2109711
2544204
2499436
4028645
2752830
1242067
1173049
1173049
9383549
2280176
1242067
2109711
1173049
4343259
2962688
3001679
1906135
2273628
1906135
241846
4343259
8905458
2280176
9490189
3632961
4023887
2133982
2280176
3001679
3661783
448440
1242067
4347397
4343259
3661783
1242067
3661783
3661783
2109711
2280176
631013
2499436
3661783
448440
1173049
2109711
4343259
631013
631013
9383549
2273628
2294159
6313657
1952301
8380831
9383549
2241756
9383549
6960480
2273628
10314966
2273628
3661783
2300004
5529156
3488024
3661783
2280176
6665027
2273628
1173049
7839237
1245103
2499436
2280176
5840837
1906135
6793653
9383549
10563285
9475950
9383549
9383549
4560647
2280176
2499436
2280176
1312247
2280176
1242067
9383549
9383549
2294159
3001679
8794675
2109711
2109711
2109711
9383549
3205202
9383549
11956942
2867635
2280176
8959893
5840837
9383549
9383549
1242067
261360
3296910
10563285
11468520
1245103
1780457
9223148
1242067
1242067
241846
3661783
1906135
3632961
2499436
1173049
10563285
4028645
3170902
631013
3118253
3001679
2280176
4347397
4365941
4343259
4343259
9383549
6535067
3632961
9271120
3632961
2273628
4347397
3479234
8380831
631013
9383549
9239002
2273628
10563285
5356891
5840837
9383549
631013
1581425
2273628
1242067
9383549
4347397
4343259
1242067
2499436
2273628
9383549
11252641
2273628
10314966
2280176
1245103
9383549
2499436
5805792
2273628
2273628
5930960
10563285
4347397
5986918
2241756
2273628
2273628
3205202
5970416
6075959
9383549
1619642
2280176
9383549
7728013
9383549
9383549
11956942
2109711
9871510
2499436
9383549
1438239
2280176
9383549
2499436
2499436
1906135
4023887
9383549
9383549
2110106
4347397
2109711
2109711
9383549
2109711
2487173
2109711
6313657
3205202
8905458
4128395
5402834
2273628
2273628
11250345
9383549
2273628
1438239
9383549
3205202
1245103
2133982
3001679
2273628
2273628
3170902
9383549
2499436
5228104
9271120
3661783
5066525
2280176
1906135
9383549
3519948
4028645
3296910
3661783
2499436
9475950
4343259
9383549
1242067
2133982
2273628
9383549
9383549
3170902
3170902
3661783
4343259
2294159
2273628
2280176
9383549
2499436
5840837
2499436
4128395
2109711
9383549
4347397
9383549
4343259
1242067
2109711
631013
2273628
2110106
2273628
5693086
2109711
5818527
12141887
1344901
5840837
2273628
2941012
2273628
2241756
4128395
2273628
5970416
5970416
9383549
2273628
5066525
9383549
2273628
2499436
2962688
2273628
2273628
2273628
2080264
1242067
2273628
4343259
4343259
5970416
2962688
3170902
3205202
5970416
2273628
5970416
2300004
8344767
2273628
3661783
3205202
1245103
10787473
10314966
2273628
2133982
2499436
9383549
4343259
2273628
1245103
5529156
2273628
7757792
3661783
631013
3519948
4343259
3632961
2133982
3519948
2499436
3519948
2273628
2962688
1619642
7757792
7757792
9383549
1242067
2499436
1242067
2273628
1245103
6847812
2273628
2273628
9871510
2280176
2499436
9383549
2273628
10787473
4343259
9112503
6665027
9223148
9223148
3170902
9112503
1242067
2962688
9383549
6313657
2280176
10314966
2273628
9223148
9223148
2273628
7540551
2273628
4023887
2273628
2133982
2133982
2273628
2133982
2133982
10563285
5529156
2273628
2133982
4343259
2962688
2962688
2273628
2273628
3001679
631013
8380831
3118253
4028645
3479234
2273628
9383549
2280176
2499436
4343259
2273628
1906135
4128395
2273628
2941012
5693086
6665027
4023887
10563285
2280176
2273628
2499436
3632961
2273628
2273628
9383549
1312247
2273628
9928785
4560647
2273628
2273628
2499436
2273628
10787473
2273628
2273628
2133982
2133982
2273628
6313657
2133982
2133982
2133982
3001679
1245103
2273628
8205818
6279591
4343259
4343259
5840837
2407991
7757792
4343259
7839237
3661783
1780457
3118253
631013
2133982
2280176
5356891
2273628
3519948
2273628
2280176
3661783
5840837
8105404
8380831
2273628
2133982
2273628
2273628
2499436
4128395
2273628
2273628
2294159
9383549
10563285
2962688
2499436
2273628
4347397
4128395
6279591
5066525
6279591
10166221
241846
2499436
2110106
2300004
2300004
2300004
2499436
2273628
2499436
9271120
8681934
2499436
631013
5818527
1245103
2273628
2499436
8755476
2499436
2962688
4347397
3118253
2273628
2273628
2273628
2241756
5970416
2499436
10968857
2273628
2499436
9383549
2273628
2133982
3170902
5986918
2280176
2273628
3357501
9383549
10563285
6452444
6279591
3661783
4347397
6665027
2273628
2273628
2273628
3205202
1242067
5693086
6812685
10968857
11192135
4128395
3118253
2499436
1245103
2995505
2273628
9383549
2273628
2133982
2962688
10563285
10563285
4023887
5840837
2280176
6313657
5356891
6279591
9383549
1906135
9383549
6279591
3479234
12220205
12220205
2280176
2273628
2273628
2407991
2133982
2133982
2133982
5840837
2133982
12167734
4343259
1780457
4343259
9833404
3479234
2273628
2273628
6279591
2273628
2294159
8105404
2280176
2273628
3357501
8105404
2273628
2273628
3314546
2273628
2273628
2273628
4128395
2273628
1245103
2133982
2941012
2273628
4343259
1344901
2499436
2273628
3661783
2273628
2300004
2300004
2300004
4347397
2273628
1245103
5818527
448440
2280176
3632961
2280176
5970416
631013
5970416
5970416
5970416
5986918
6060924
2241756
3661783
5970416
12220205
2273628
3357501
4343259
2273628
2273628
3661783
2273628
2499436
2273628
1242067
2273628
5356891
2273628
2499436
690548
2941012
6637719
6847812
6701880
6847812
2273628
4347397
9223148
1245103
2273628
9383549
2273628
6960480
2273628
11956942
6313657
1312247
448440
9475950
6313657
2962688
6279591
2273628
4578450
7625362
9223148
2273628
5840837
2962688
2133982
5840837
2280176
2280176
2133982
2133982
7799776
6060924
4343259
7914907
2273628
7929166
2273628
2273628
2273628
11474179
2962688
2273628
2962688
631013
2273628
2273628
7799776
2499436
2273628
8380831
4365941
2280176
8380831
1242067
8380831
2273628
11956942
2499436
6060924
4934354
1245103
5693086
2962688
2300004
9383549
2499436
631013
4347397
2962688
8683842
2294159
690548
1245103
9383549
9383549
2499436
2280176
448440
2499436
690548
9383549
9383549
9383549
2280176
1242067
2280176
1619642
9271120
9383549
2109711
2499436
2499436
3170902
2499436
631013
2995505
1438239
2273628
7757792
3124803
9383549
5840837
2280176
1242067
1568290
2273628
3001679
2133982
11956942
2273628
4023887
2273628
5840837
9383549
2133982
448440
2499436
1438239
631013
2109711
1242067
2273628
1242067
2109711
2133982
5840837
2294159
3001679
3479234
4347397
1242067
2133982
5818527
1906135
10346314
6060924
3479234
2273628
1242067
2499436
4347397
9383549
5129428
8905458
10563285
1906135
2273628
2273628
10582495
4343259
448440
10563285
4343259
6060924
4343259
4347397
10582495
2962688
1568290
2273628
3357501
1906135
9383549
5840837
5988347
2273628
5970416
5970416
3357501
4343259
3357501
5986918
3357501
5970416
7757792
3479234
4343259
4343259
4934354
9383549
3661783
2273628
1344901
3001679
4347397
2294159
8105404
2962688
2273628
2499436
5840837
2273628
1312247
7799776
8205818
2273628
9383549
12220205
9223148
8905458
2300004
8357043
1344901
2280176
2133982
2273628
9271120
5986918
2273628
4128395
2133982
2273628
2300004
2300004
2300004
2300004
2499436
2300004
8380831
3661783
3661783
3001679
7757792
3661783
1242067
9383549
2499436
9383549
2499436
1245103
9339711
4347397
6075959
2133982
8959893
2962688
2133982
4347397
2752830
8344767
9979063
631013
2499436
3661783
8344767
2499436
2499436
5840837
2752830
2273628
2499436
2962688
9223148
3314546
2273628
9223148
9223148
9223148
6279591
2280176
3001679
2273628
7743183
2133982
1906135
7743183
9339711
2499436
2273628
9223148
631013
2499436
5970416
4347397
9223148
9271120
2133982
7743183
9223148
2499436
8380831
7743183
7757792
2133982
2273628
2273628
2499436
2499436
2499436
9383549
2133982
1242067
3661783
2962688
2499436
2273628
2499436
2273628
2273628
2499436
3478121
3661783
2499436
2273628
4028645
6793653
5840837
8905458
10103795
10563285
2273628
9383549
10156936
10563285
7041332
2273628
1245103
6665027
7201034
2273628
1242067
9383549
4343259
631013
2294159
4343259
2273628
3205202
2133982
2133982
2133982
2280176
6279591
2273628
8205818
5905006
7799776
7799776
7799776
5905006
1438239
631013
3314546
8022889
2273628
2273628
5101147
5884581
4023887
2273628
2273628
3314546
2941012
2499436
7799776
9383549
2273628
1344901
6313657
2273628
2273628
6279591
2962688
3478121
1906135
10563285
1242067
4343259
631013
2499436
2499436
2133982
9383549
2273628
2499436
2294159
2499436
2499436
6279591
7839237
9928785
2273628
1438239
5970416
5905006
2273628
9339711
4560647
4023887
8344767
2273628
2273628
2499436
6665027
2273628
2499436
2499436
4578450
3170902
3661783
3488024
1438239
5356891
1173049
2499436
10787473
7616373
631013
2499436
4347397
9021802
3632961
2133982
9971582
9383549
2280176
2273628
9383549
4347397
2499436
5066525
3478121
9383549
9383549
2273628
9239002
9239002
2280176
9271120
2499436
9302552
9339711
9397897
12220205
3001679
9239002
2280176
5840837
9490189
7743183
7757792
10287115
3357501
9223148
5101147
9223148
2499436
9383549
11468520
2273628
12141887
4560647
2962688
5818527
9302552
9383549
2273628
2962688
6060924
9490189
2241756
2133982
2273628
9383549
6313657
9530069
6313657
9926081
2273628
2962688
9538601
3661783
2941012
2499436
2273628
2241756
3478121
9339711
7757792
9926081
1906135
1438239
2133982
2941012
1906135
9021802
2962688
7914907
5818527
10212131
6535067
8344767
2273628
9271120
9271120
2499436
5228104
6857083
10273915
10273915
10287115
7757792
5356891
10314966
241846
2499436
5129428
2499436
8344767
3314546
2499436
2273628
12141887
2499436
9475950
8959893
2499436
523472
7839237
9383549
8344767
10314966
2133982
2499436
2280176
448440
2499436
1906135
2273628
2133982
2133982
10563285
2273628
3001679
3205202
9383549
9239002
2499436
1906135
9239002
5884581
9339711
7757792
1952301
9397897
2273628
9223148
9239002
2499436
5930960
12220205
9476396
9383549
2110106
2280176
7743183
9530069
2962688
2294159
2273628
9538601
8344767
2109711
5356891
9223148
2962688
6847812
1619642
3632961
8380831
9530069
8344767
5818527
6857083
2499436
6279591
2273628
1619642
2280176
1242067
9271120
6857083
1245103
9271120
4028645
2273628
7757792
7757792
8380831
6701880
9538601
6060924
6060924
9538601
2273628
2133982
4347397
3661783
9239002
7616373
10156936
2499436
10166221
8344767
11252641
4578450
2133982
2499436
5818527
2499436
2499436
2499436
2499436
1242067
2273628
2273628
2273628
2499436
2407991
5986918
7839237
7757792
9383549
5356891
2273628
7914907
5840837
2273628
9383549
8344767
4347397
8344767
4934354
2962688
2273628
2273628
2273628
2280176
2273628
7914907
9223148
690548
1438239
5101147
2499436
2273628
9271120
2273628
2273628
3851839
5818527
2273628
9239002
2499436
2962688
2499436
7743183
9383549
2273628
9239002
4023887
3314546
9383549
9239002
2109711
9239002
3479234
2962688
9223148
7743183
7743183
9383549
9383549
2280176
2941012
2273628
4560647
2273628
1242067
4560647
7757792
2273628
2499436
9302552
9383549
1619642
9383549
9871510
6313657
5316814
9383549
6535067
5818527
4347397
4240456
9383549
2867635
2867635
2273628
4028645
9928785
1242067
9271120
2273628
9302552
9302552
9993345
2499436
9926081
2273628
4240456
2273628
10299909
6060924
8344767
3488024
5818527
5818527
5818527
2499436
5818527
2280176
7839237
6857083
10635454
10074252
2962688
10346314
7914907
11956942
4343259
8905458
9223148
10166221
2273628
9383549
2280176
5228104
11252641
9271120
7839237
2280176
9383549
7757792
7757792
9223148
2280176
2273628
10299909
9383549
3478121
6060924
2499436
9271120
5129428
5818527
2273628
9239002
10749183
5840837
9979063
10699970
6313657
10563285
9383549
9383549
2273628
7757792
4560647
5066525
2273628
9652417
2499436
10208683
631013
9833404
1619642
9271120
2499436
2499436
9490189
2499436
2499436
2499436
2499436
2499436
2499436
2499436
2499436
2499436
2499436
2499436
2499436
2499436
2499436
2499436
2499436
2499436
2499436
2499436
2499436
2499436
2499436
2499436
2499436
2499436
2499436
2499436
2499436
2499436
2499436
2499436
2499436
2499436
2499436
2499436
2499436
2499436
2499436
2499436
2499436
2499436
2499436
9652417
9383549
9223148
8959893
6060924
1619642
8205818
9383549
9383549
8691982
9271120
9271120
1312247
2273628
9271120
2273628
261360
8380831
6313657
9926081
3479234
1438239
9271120
2133982
3479234
7616373
2499436
11607854
9475950
9223148
3118253
7616373
1952301
10563285
8794675
8344767
8344767
4023887
9223148
6535067
4347397
2499436
6960480
9271120
4560647
10422985
5818527
2499436
2280176
2499436
10314966
4240456
4934354
2004508
2294159
2110106
5066525
2110106
2110106
2273628
2273628
10437915
448440
5970416
9490189
9112503
2499436
12220205
10462979
2752830
9239002
10212131
9112503
2280176
10299909
9966244
4240456
9652417
261360
2273628
7914907
10299909
10749183
10563285
3661783
3661783
2273628
5905006
2280176
5818527
7757792
6313657
2499436
3661783
9223148
8380831
1568290
2273628
2273628
2273628
8959893
9928785
10212131
7757792
7757792
4560647
7757792
10208683
5818527
10213585
11091602
9383549
2280176
6857083
9475950
9383549
6857083
6857083
2273628
9223148
2110106
9271120
5818527
2499436
10299909
8959893
10314966
4023887
2133982
2294159
5066525
2962688
5818527
12141887
9383549
2962688
2110106
5840837
2962688
7757792
2499436
6313657
2499436
2273628
8344767
9383549
7616373
2273628
5066525
5356891
2499436
2294159
10603568
5840837
2273628
2499436
2499436
2499436
7914907
5402834
9383549
9383549
5805792
2273628
12152097
12141887
2133982
2273628
2273628
8794675
3661783
5840837
10968857
7914907
10699970
10699970
9112503
2133982
10787473
2499436
2499436
2499436
2499436
2499436
2499436
2499436
2499436
2499436
2499436
2499436
2499436
2499436
2499436
2499436
2499436
2499436
2499436
2499436
2499436
2499436
2499436
2499436
2499436
2499436
2499436
2499436
2499436
2499436
2499436
2499436
2499436
2499436
2499436
2499436
10749183
2273628
2499436
10635454
10749183
10699970
2499436
2499436
2273628
10212131
5840837
10314966
7757792
9239002
3661783
10395351
2499436
2499436
2499436
2499436
2499436
2499436
2499436
2499436
2499436
2499436
2499436
2499436
2499436
2499436
2499436
2499436
2499436
2499436
2499436
2499436
2499436
2499436
2499436
2499436
2499436
2499436
2499436
2499436
2499436
2499436
2499436
2499436
2499436
2499436
2499436
2499436
2499436
2499436
2499436
2499436
2499436
2499436
2499436
2499436
2499436
2499436
2499436
2499436
2499436
2499436
2499436
10422985
10563285
7757792
9383549
9383549
9383549
9383549
9383549
9383549
9383549
9383549
9383549
9383549
9383549
9383549
9383549
9383549
9383549
9383549
9383549
9383549
9383549
9383549
9383549
9383549
9383549
9383549
9383549
9383549
9383549
9383549
9383549
9383549
9383549
9383549
9383549
9383549
9383549
9383549
9383549
9383549
9383549
9383549
2499436
2499436
2499436
7757792
1619642
2273628
9383549
9383549
9383549
9383549
9383549
9383549
9383549
9383549
9383549
9383549
9383549
9383549
9383549
9383549
9383549
9383549
9383549
9383549
9383549
9383549
9383549
9383549
9383549
9383549
9383549
9383549
9383549
9383549
9383549
9383549
9383549
9383549
9383549
9383549
9383549
9383549
9383549
9383549
9383549
9383549
9383549
9383549
9383549
9383549
9383549
9383549
9383549
9383549
9383549
9383549
9383549
9383549
9383549
9383549
9383549
9383549
9383549
9383549
9383549
9383549
9383549
9383549
9383549
9383549
9383549
9383549
9383549
9112503
10835358
9383549
9383549
2995505
9112503
3479234
5402834
9928785
10314966
5129428
2499436
11252641
2499436
4560647
3661783
10973718
2273628
11037833
11050576
5840837
7929166
4343259
6701880
6279591
9383549
9383549
9383549
2273628
2280176
9383549
690548
9112503
9239002
9383549
10591614
6701880
9383549
9383549
9383549
3661783
2941012
3001679
9383549
9339711
9383549
9339711
5356891
9475950
9223148
7616373
11956942
6665027
2273628
10212131
2499436
2241756
8344767
9271120
2273628
10253219
2133982
9383549
6857083
9271120
2110106
10273915
3661783
6060924
1438239
5818527
5818527
5818527
5818527
2273628
4560647
2962688
6960480
10635454
2110106
5818527
4365941
2273628
2499436
2241756
9239002
2110106
5066525
9833404
7616373
7616373
2273628
4347397
2110106
9271120
10582495
9239002
10591614
9383549
2273628
10613590
2962688
2273628
4343259
2499436
7616373
6313657
2133982
2499436
7839237
7757792
2273628
2962688
5840837
9383549
9223148
631013
8380831
7757792
5129428
8794675
7757792
9490189
2499436
10699970
2273628
2962688
10787473
8794675
2273628
3661783
3661783
2499436
2499436
2499436
2499436
2499436
2499436
2499436
2499436
2499436
2499436
2499436
2499436
9383549
9383549
9383549
9383549
9383549
9383549
9383549
9383549
9383549
9383549
9383549
9383549
9383549
9383549
9383549
9383549
9383549
9383549
9383549
9383549
9383549
9383549
9383549
9383549
9383549
9383549
9383549
9383549
9383549
9383549
9383549
9383549
9383549
9383549
9383549
9383549
9383549
9383549
9383549
9383549
9383549
9383549
9383549
9383549
9383549
9383549
9383549
9383549
9383549
9383549
9383549
9383549
9383549
9383549
9383549
9383549
9383549
9383549
9383549
9383549
9383549
9383549
9383549
9383549
9383549
9383549
9383549
9383549
9383549
9383549
9383549
1242067
2273628
10591614
9112503
9112503
2273628
4560647
631013
2273628
4128395
2004508
6960480
10921143
9383549
10314966
2273628
9383549
4347397
6701880
2273628
2273628
2133982
2133982
2273628
9383549
2294159
2499436
2273628
5818527
9271120
3296910
2273628
9383549
9383549
2273628
5356891
9383549
9383549
9383549
2499436
2499436
2499436
2499436
2499436
2499436
2499436
2499436
2499436
2499436
2499436
2499436
2499436
2499436
2499436
2499436
2499436
2499436
2499436
2499436
2499436
2499436
2499436
2499436
2499436
2499436
2499436
2499436
2499436
2499436
2499436
2499436
2499436
2499436
10563285
2004508
9383549
9383549
9383549
9383549
9383549
9383549
9383549
9383549
9383549
9383549
9383549
9383549
9383549
9383549
9383549
9383549
9383549
9383549
9383549
9383549
9383549
9383549
9383549
9383549
9383549
9383549
9383549
9383549
9383549
9383549
9383549
9383549
9383549
9383549
9383549
9383549
9383549
9383549
9383549
9383549
9383549
9383549
9383549
9383549
9383549
9833404
9833404
10314966
10835358
1906135
9239002
9383549
4560647
3661783
2273628
8794675
1344901
2273628
4560647
10314966
10314966
2273628
2962688
2133982
11956942
10973718
11192135
2294159
10749183
10314966
5066525
5129428
2133982
448440
9383549
9383549
9383549
9383549
9383549
9383549
9383549
9383549
9383549
9383549
9383549
9383549
9383549
9383549
9383549
9383549
9383549
9383549
9383549
9383549
9383549
9383549
9383549
9383549
9383549
2273628
2273628
2273628
8205818
4128395
9383549
9383549
8344767
10591614
10591614
9383549
2273628
10314966
2499436
5905006
9833404
5884581
2273628
2273628
2294159
2273628
6701880
5129428
2499436
11010288
2133982
9271120
4560647
2273628
5066525
7540551
2962688
9652417
9383549
9383549
5818527
9383549
9383549
9339711
7757792
9383549
9383549
10563285
9383549
9383549
6857083
8344767
2752830
631013
8380831
690548
690548
2499436
9496492
7914907
3661783
2499436
9928785
11218603
6857083
2273628
8205818
10314966
11250345
2133982
9383549
5529156
4560647
9833404
9383549
9383549
2273628
9383549
11285411
9383549
2273628
9383549
9383549
9339711
2133982
7625362
11091602
10103795
2273628
5840837
2752830
5840837
3632961
9383549
2499436
9223148
9239002
2273628
7616373
2273628
2273628
3357501
2273628
2280176
9397897
2241756
2941012
9223148
2499436
2273628
9496492
9223148
1245103
7743183
7743183
4343259
2499436
4023887
9239002
2273628
1245103
2273628
2294159
7839237
2273628
9302552
5818527
2752830
2499436
448440
11252641
5905006
631013
8905458
2294159
10563285
8905458
3001679
4028645
9271120
8380831
4934354
3661783
1242067
2273628
2273628
8344767
4023887
1952301
9966244
9971582
1438239
3661783
2499436
9979063
9271120
3661783
9538601
9833404
6857083
10299909
9383549
10074252
8380831
10088562
3661783
2941012
2499436
2995505
7616373
8380831
7743183
7616373
2273628
2499436
9383549
1952301
4343259
4347397
9383549
2499436
1906135
8959893
7757792
2133982
9339711
3118253
2499436
2962688
2499436
12220205
5818527
2110106
2294159
5402834
6960480
11050576
2962688
690548
690548
11192135
7041332
4343259
3357501
9383549
11250345
11252641
11250345
11010288
5529156
10287115
9383549
8105404
8105404
10314966
10749183
11474179
1619642
6857083
5129428
9490189
12220205
8380831
2280176
1906135
2499436
2273628
5129428
2280176
8105404
2273628
5129428
9496492
2273628
1242067
2273628
2273628
5840837
9383549
9383549
9383549
2273628
2273628
2962688
2273628
2273628
5101147
6060924
2273628
11252641
9383549
11642580
10749183
2499436
1568290
2499436
4240456
10582495
3001679
3479234
8794675
8794675
9383549
9383549
8344767
11607854
10299909
5356891
9383549
448440
448440
9979063
2110106
5129428
1242067
11754683
7839237
2499436
8794675
5840837
3661783
10563285
2962688
11831095
9239002
9966244
11849960
2273628
9383549
9383549
8959893
2273628
2273628
9383549
1438239
10563285
10563285
5402834
10314966
10212131
2499436
5905006
5402834
11050576
5840837
690548
690548
690548
2273628
9383549
2080264
7041332
690548
9383549
10299909
2962688
2273628
1344901
9383549
241846
9383549
11272320
5529156
9383549
9383549
2133982
10287115
5356891
3001679
1906135
4347397
4347397
6313657
3170902
6857083
2273628
5905006
10699970
3661783
5402834
10968857
11037833
5905006
6060924
11037833
11434802
11439055
11250345
2280176
5129428
3632961
11434802
690548
7757792
3357501
2273628
2273628
9383549
9383549
9383549
9383549
2407991
1619642
11523889
9239002
5066525
9778610
2273628
11607854
2273628
241846
2273628
9490189
631013
2273628
9383549
2273628
5402834
9383549
6847812
2962688
2273628
9383549
9271120
11218603
5356891
8978264
9383549
10563285
9383549
11250099
11037833
10208683
11050576
2273628
4240456
8794675
2752830
5129428
10699970
11250345
1242067
2499436
2499436
11439055
8905458
9271120
2280176
11050576
9383549
9383549
9383549
6857083
9383549
9383549
10563285
3479234
2133982
2280176
5066525
2273628
5402834
2273628
9383549
2499436
10635454
4240456
5066525
690548
2499436
2273628
9383549
2273628
9383549
631013
11214384
3661783
12220205
2004508
8105404
4347397
5066525
9271120
3479234
3632961
4343259
9383549
5529156
11272320
9383549
9383549
448440
11218603
5402834
9383549
2273628
4343259
11474179
11346248
5988347
11346248
2133982
2280176
2499436
11218603
6060924
2273628
9490189
2962688
6857083
2499436
2499436
1619642
5905006
2962688
10314966
2499436
11434802
9383549
12141887
11439055
11439055
9271120
2273628
2280176
7757792
2273628
2273628
9383549
9383549
9383549
9383549
9383549
8794675
9383549
9383549
1619642
7728013
2273628
5818527
9928785
10103795
2110106
2499436
5840837
1245103
10074252
2280176
9383549
9383549
2499436
3296910
10422985
9383549
10835358
2273628
8380831
2499436
12220205
8344767
1344901
2273628
2133982
10635454
9652417
2294159
10299909
5805792
3661783
631013
7914907
2273628
2499436
3479234
2110106
10635454
5818527
2280176
2273628
2133982
3478121
2499436
9271120
2499436
7914907
10299909
9302552
2499436
10597956
2273628
2280176
7757792
2273628
2110106
1242067
9383549
9383549
9339711
8794675
2280176
2499436
10212131
10299909
5840837
5840837
5840837
5840837
6313657
2499436
2499436
2499436
2499436
2499436
2499436
2499436
2499436
2499436
2499436
2499436
2499436
2499436
2499436
2499436
2499436
2499436
2499436
2499436
2499436
2499436
2499436
2499436
2499436
2499436
2499436
2499436
9383549
9383549
9383549
10322925
9383549
9383549
9383549
9383549
9383549
9383549
9383549
9383549
9383549
9383549
9383549
9383549
9383549
9383549
9383549
9383549
9383549
9383549
9383549
9383549
9383549
9383549
10563285
11379124
9490189
2294159
4240456
448440
11037833
690548
1568290
7041332
1906135
9239002
2280176
9490189
6313657
11468520
11474179
4240456
11468520
9021802
5129428
2273628
9383549
9383549
9383549
9383549
9383549
9490189
10563285
5818527
3632961
5840837
10968857
8380831
9928785
2280176
10213585
9383549
9383549
6060924
5129428
10968857
11192135
9383549
9383549
9383549
2273628
9383549
2962688
2273628
10299909
2109711
10299909
8794675
11765548
1242067
4578450
5129428
9383549
10299909
10299909
10749183
2273628
10299909
10597956
10166221
4023887
11192135
8794675
8794675
2133982
6313657
11798042
10212131
5840837
9112503
2280176
2280176
2280176
2280176
5402834
11050576
2133982
9383549
9383549
9383549
12220205
9271120
2499436
2499436
9979063
3479234
5129428
2962688
2294159
10563285
10346314
9112503
10921143
9979063
9979063
9383549
1344901
1242067
11829137
2273628
6060924
3519948
3357501
7757792
2273628
6279591
2294159
1344901
2273628
2273628
3519948
9475950
2941012
1619642
2273628
3357501
2273628
4028645
7839237
4343259
4347397
2273628
3632961
5905006
9112503
2273628
2273628
9383549
2273628
1952301
631013
1581425
9383549
2273628
5529156
2273628
5066525
2273628
448440
2273628
2133982
2273628
9383549
9383549
2133982
4578450
2273628
2133982
261360
3296910
2280176
7616373
2133982
2133982
1438239
7799776
2273628
2300004
2273628
2280176
5884581
3357501
2273628
2273628
2273628
11250345
2273628
7839237
12220205
3118253
2273628
2273628
2294159
2280176
9271120
2273628
10314966
261360
5805792
241846
8205818
9871510
4023887
2300004
2300004
2499436
2273628
9383549
5840837
3001679
2499436
2499436
2499436
241846
2499436
2499436
2499436
2273628
2407991
5930960
7757792
2273628
4343259
5905006
8905458
2499436
2133982
2499436
2280176
9347804
2499436
3479234
9383549
11829137
10749183
6857083
1344901
12220205
9383549
10563285
2499436
3001679
9383549
10830227
5818527
12141887
9239002
10314966
6857083
2280176
11439055
9979063
5129428
5129428
448440
2273628
9383549
11091602
11091602
11091602
11091602
11091602
9383549
9979063
448440
6793653
2273628
9383549
10968857
11218603
2294159
1906135
11434802
448440
448440
5129428
9971582
10563285
7041332
9383549
9383549
9383549
2280176
1906135
448440
5129428
1906135
3170902
9383549
4023887
12141887
12141887
9271120
12141887
12141887
11849960
12141887
2133982
12141887
6857083
2133982
10968857
4240456
2133982
11849960
12141887
5840837
1568290
11849960
9383549
6857083
9383549
2499436
1619642
11849960
5818527
9302552
9383549
2273628
9383549
2133982
9239002
10968857
10563285
12152097
4343259
5101147
12152097
11468520
8905458
2499436
2273628
4023887
2273628
9383549
2280176
11252641
2995505
11252641
7914907
9383549
9383549
8105404
10699970
9383549
11849960
3661783
9271120
2273628
2273628
9383549
11829137
2273628
2273628
9383549
9383549
9383549
9383549
11944796
1242067
2273628
11956942
9979063
10563285
4347397
10212131
448440
10968857
9271120
5356891
5840837
2109711
5129428
2109711
10921143
2273628
9239002
9971582
10749183
6279591
6857083
2544204
448440
2110106
448440
5840837
12220205
448440
2273628
10563285
11642580
2280176
3001679
9383549
9383549
11091602
11091602
11091602
11091602
11091602
11010288
5905006
10968857
241846
1242067
10835358
12143038
3661783
7041332
6313657
1242067
2273628
1245103
4343259
12143567
9112503
3001679
448440
448440
9490189
10563285
10563285
2962688
6857083
3296910
12141887
12141887
12141887
12141887
2133982
12242059
9878428
9271120
10749183
5818527
1245103
2133982
1906135
12141887
1906135
9383549
9383549
9383549
9383549
9383549
9383549
9383549
9383549
9383549
9383549
9383549
9383549
9383549
9383549
9383549
9383549
9383549
9383549
9383549
9383549
9383549
9383549
9383549
9383549
9383549
9383549
9383549
9383549
9383549
9383549
9383549
9383549
9383549
9383549
9383549
9383549
9383549
9383549
9383549
9383549
9383549
9383549
9383549
9383549
9383549
9383549
9383549
9383549
9383549
10156936
9928785
1906135
8905458
4560647
10893817
1242067
9383549
9383549
9383549
9383549
9383549
10699970
10314966
4128395
10314966
2499436
2110106
9239002
2110106
2133982
9383549
10973718
2273628
10973718
1245103
2273628
10973718
2347798
9271120
2273628
1242067
2273628
2273628
2273628
9271120
4347397
3205202
9383549
2273628
9383549
9383549
1173049
9383549
9926081
9383549
9475950
448440
9383549
5402834
5228104
2273628
2962688
9339711
11091602
2133982
690548
2499436
12141887
9271120
2273628
7757792
5402834
10314966
9383549
9928785
3001679
8380831
8905458
3479234
5840837
11218603
2294159
9383549
9302552
3661783
10563285
7914907
9383549
11754683
9979063
11252641
2273628
3661783
11765548
2499436
8794675
9383549
5402834
4347397
5840837
261360
5840837
5228104
11829137
11252641
2273628
5840837
2133982
10299909
10749183
10603568
9383549
9383549
11252641
4028645
6857083
3479234
5129428
7757792
11252641
3357501
8794675
10346314
4240456
9490189
9383549
5818527
2294159
8959893
9979063
9778610
9383549
11829137
5818527
9112503
12220205
9979063
11765548
12167734
5129428
11218603
9112503
10749183
1242067
2273628
448440
631013
448440
2273628
2280176
2280176
448440
4023887
2273628
10968857
8905458
2133982
10968857
4560647
11091602
11091602
11091602
11091602
11091602
11091602
448440
9979063
6793653
10968857
3479234
5129428
9271120
6793653
11434802
2280176
12143038
12143038
2273628
8794675
5356891
9928785
10597956
9979063
10314966
2133982
7728013
9979063
9979063
5129428
2273628
12039955
9979063
9339711
2280176
1242067
448440
9383549
10968857
11091602
11091602
11091602
11091602
8978264
9979063
2273628
10968857
10699970
10699970
6701880
9496492
5129428
5356891
12141887
2273628
12143038
12143038
9112503
9112503
5066525
12152097
6060924
3001679
11091602
11091602
11434802
9383549
10968857
9383549
9490189
10563285
1245103
1245103
2499436
11252641
9271120
12141887
12141887
12141887
12141887
12141887
12141887
12141887
5129428
6060924
12141887
12141887
8205818
2133982
12242059
6060924
6060924
9878428
10968857
10597956
9239002
9383549
6060924
10314966
9112503
11252641
9383549
9383549
9383549
9239002
9339711
2499436
5129428
9383549
5129428
2273628
11218603
5101147
11468520
10968857
12143038
9239002
2544204
11468520
1619642
4240456
10597956
9383549
3001679
10166221
2133982
10597956
11050576
5129428
631013
12152097
448440
12141887
10166221
12456067
9778610
1344901
9928785
9928785
3632961
9383549
9383549
10968857
2280176
9383549
12552555
1242067
3661783
9239002
10074252
9239002
2499436
2499436
10563285
6452444
9339711
3001679
11091602
9339711
12143038
10314966
11849960
9383549
8380831
9383549
4347397
631013
8794675
9979063
2941012
12143038
1568290
10346314
1568290
2133982
3661783
631013
12220205
12141887
631013
2109711
5101147
9383549
11250345
1568290
10968857
11607854
2110106
9383549
631013
5129428
2286008
11849960
11523889
10166221
12141887
9271120
7757792
9979063
9979063
1568290
10208683
1619642
6313657
9383549
5129428
5402834
12524608
5818527
9383549
9383549
9383549
5402834
9383549
2273628
3661783
2499436
2499436
2273628
2273628
5129428
445763
10699970
4023887
10299909
4240456
11849960
3488024
11523889
6793653
12141887
11037833
241846
11607854
241846
5818527
2280176
9239002
5129428
2273628
5402834
12141887
5840837
7929166
9979063
3661783
12141887
9928785
6665027
9383549
5818527
1906135
9979063
9271120
2962688
9383549
9496492
12456067
2280176
6452444
8357043
1581425
2499436
9239002
2273628
2273628
11607854
445763
2499436
5402834
5129428
1619642
7757792
6060924
6060924
2280176
4343259
9490189
9383549
9383549
9383549
5529156
10699970
10287115
2273628
1619642
7914907
8105404
12141887
6793653
2133982
9383549
10968857
1344901
9928785
7041332
6847812
9833404
8755476
690548
2499436
9490189
4240456
10273915
7041332
9239002
11434802
11434802
3170902
11218603
10208683
11474179
11468520
9021802
5905006
2273628
9383549
9383549
9383549
9383549
2273628
5840837
10208683
2294159
8905458
9239002
10749183
2962688
11601545
4560647
6060924
2273628
2280176
241846
10582495
4023887
3479234
11474179
10835358
9383549
6279591
6847812
9383549
10314966
2273628
10787473
8794675
2273628
10749183
1568290
6313657
9383549
9383549
3001679
2133982
11250099
4578450
9383549
9383549
1906135
2273628
4023887
9979063
6857083
2499436
2273628
3661783
2273628
3661783
2133982
2962688
2544204
2280176
12220205
5840837
2133982
2133982
9383549
11956942
11192135
8959893
10299909
7041332
9302552
241846
9383549
12167734
2286008
9383549
6857083
10968857
2962688
6960480
2962688
1619642
6847812
12141887
12141887
2273628
8905458
6060924
12141887
12141887
12141887
12141887
12141887
12141887
9383549
9112503
2133982
12242059
11091602
9878428
9878428
11849960
12141887
3357501
5840837
12456067
10749183
3661783
9383549
9383549
12141887
10314966
11849960
9383549
10395351
6847812
10299909
631013
9271120
9383549
10103795
9383549
9966244
9979063
9979063
10299909
9271120
12141887
4347397
9383549
3296910
10462979
10597956
2273628
12141887
8794675
10299909
3661783
1619642
2273628
9383549
448440
2273628
4560647
5818527
12141887
12141887
2962688
1344901
9271120
261360
9383549
9383549
9383549
2273628
2286008
2273628
7041332
5101147
5101147
10749183
6793653
9339711
9339711
2273628
631013
10563285
9383549
3043296
9383549
9383549
2273628
5840837
9979063
9383549
9383549
9271120
1245103
9239002
9383549
2962688
2962688
3661783
10968857
1245103
2499436
9383549
9383549
10212131
9490189
2294159
6279591
5356891
3479234
9778610
11829137
10699970
3001679
10346314
9271120
9271120
12143567
10921143
2941012
9979063
2273628
9490189
6857083
2273628
11956942
448440
2133982
2280176
11218603
9383549
3661783
11091602
11091602
11091602
11091602
11091602
11091602
9979063
9979063
4343259
2133982
690548
3661783
11218603
2273628
10699970
9979063
6279591
10563285
2133982
2133982
12143038
6060924
10749183
9383549
9878428
10563285
2273628
1906135
2499436
12152097
9383549
9383549
11050576
8794675
12141887
1906135
12220205
631013
12141887
12141887
4240456
12141887
2133982
4934354
10395351
9271120
9271120
631013
10314966
4560647
9383549
11849960
2499436
631013
2273628
9979063
448440
2110106
3001679
2133982
2962688
9383549
2273628
1245103
1245103
3357501
4343259
9383549
9112503
5356891
2280176
2294159
448440
9383549
9223148
9239002
9475950
3314546
448440
3661783
9239002
2273628
10597956
3632961
7743183
2273628
9347804
7743183
631013
9223148
9223148
4347397
9223148
2273628
2499436
2499436
2280176
9475950
5840837
9271120
9223148
1242067
2962688
2133982
4365941
9383549
2499436
2273628
9339711
3632961
8380831
8380831
11252641
6075959
3661783
6060924
5356891
6313657
9909414
1568290
2273628
9833404
2273628
7757792
9383549
9383549
5970416
2499436
9271120
4028645
9271120
9223148
2962688
8905458
1438239
9538601
5356891
9833404
9302552
2133982
3661783
10074252
6313657
4560647
7743183
8380831
9383549
10103795
9971582
2133982
6857083
9271120
2499436
9239002
7616373
9871510
11252641
8959893
9271120
9383549
10395351
8905458
2110106
5356891
9271120
10074252
10103795
2280176
12097960
9383549
2273628
1906135
1242067
8794675
448440
631013
10968857
10208683
6793653
2109711
11607854
3478121
631013
7929166
4343259
7041332
261360
2110106
448440
2273628
448440
448440
4560647
7041332
9979063
9979063
3001679
10943561
12524608
9383549
9271120
5129428
5402834
9271120
2499436
12552555
12141887
2273628
6452444
5101147
1906135
10074252
2273628
2273628
2499436
9339711
4347397
5840837
10156936
2280176
11091602
2280176
631013
9383549
12141887
5818527
5818527
1906135
2499436
9271120
2273628
4023887
2294159
2294159
9966244
10395351
6960480
2962688
1438239
10835358
9871510
2273628
8380831
10699970
4560647
3661783
10314966
2499436
7616373
2273628
9383549
6665027
4458304
3661783
2273628
2110106
2110106
10563285
2273628
7616373
2280176
3661783
6279591
2499436
10613590
2499436
7757792
10563285
2133982
9271120
10563285
5402834
8794675
9383549
2499436
2499436
2273628
2110106
9271120
9383549
8794675
3478121
2499436
10759267
2499436
10749183
3478121
9383549
2133982
2133982
11468520
2273628
4128395
4560647
2499436
2499436
2499436
2499436
2499436
2499436
2499436
2499436
2499436
2499436
2499436
2499436
2499436
2499436
2499436
2499436
2499436
2499436
2499436
2499436
2499436
2499436
2499436
2499436
2499436
2499436
2499436
2499436
2499436
2499436
2499436
2499436
2499436
2499436
2499436
2499436
2499436
2499436
2499436
2499436
2499436
2499436
2499436
2499436
2499436
2499436
2499436
2499436
2499436
2499436
2499436
2499436
2499436
2499436
2499436
10830227
4560647
1619642
9112503
9383549
9383549
9339711
6313657
9383549
9383549
9383549
9383549
9383549
9383549
9383549
9383549
9383549
9383549
9383549
9383549
9383549
9383549
9383549
9383549
9383549
9383549
9383549
9383549
9383549
9383549
9383549
9383549
9383549
9383549
9383549
9383549
9383549
9383549
9383549
9383549
9383549
9383549
9383549
9383549
9383549
9383549
9383549
9383549
9383549
9383549
9383549
9383549
9383549
9383549
9383549
9383549
9383549
9383549
9383549
9383549
9383549
9383549
9383549
9383549
9383549
9383549
9383549
9383549
9383549
9383549
9383549
2499436
2867635
5818527
9383549
2280176
9928785
5818527
5986918
8380831
9383549
2273628
10591614
10314966
6313657
9383549
2499436
10213585
448440
9383549
4128395
10943561
448440
10314966
10314966
6060924
1312247
9339711
5066525
1344901
4347397
1438239
10208683
5840837
1344901
9271120
2004508
9383549
2110106
9383549
2273628
2273628
8205818
5356891
2273628
2273628
2499436
9239002
8380831
2962688
1242067
2273628
2499436
5129428
2273628
690548
2273628
9383549
8380831
5884581
5402834
9271120
9971582
2273628
10103795
2273628
6060924
11272320
9383549
5529156
5529156
9383549
9383549
9383549
9383549
9383549
6793653
2273628
11218603
8105404
12141887
12141887
9383549
10299909
6279591
5840837
11091602
1906135
9979063
2273628
9271120
2273628
2273628
9271120
5805792
4560647
4934354
2962688
1242067
10212131
2280176
11470304
11468520
2133982
1245103
5129428
2752830
2273628
9021802
9383549
9383549
9383549
9383549
9383549
2273628
1619642
9239002
2273628
10103795
2499436
10749183
9271120
5818527
3661783
1581425
2273628
6060924
2294159
5356891
9239002
9271120
11642580
2962688
9383549
9383549
2499436
9383549
10287115
3479234
7728013
9383549
5805792
11250099
10299909
10699970
9383549
2499436
1906135
11252641
3170902
2273628
9490189
5840837
2273628
3661783
3478121
2273628
1906135
9383549
2941012
9979063
9383549
9383549
1906135
6279591
2273628
9383549
4578450
4365941
10563285
2273628
11439055
6701880
9383549
9383549
11956942
12167734
7839237
8205818
3296910
1242067
9979063
9979063
2499436
3001679
2273628
11931826
1952301
9223148
10749183
11829137
1242067
9112503
10213585
2499436
3661783
3661783
10921143
10597956
2273628
9112503
4560647
9979063
11829137
11010288
5129428
9979063
2273628
2133982
11218603
448440
9383549
9383549
2280176
12097960
9979063
11091602
11091602
11091602
11091602
11091602
11091602
2941012
2273628
4560647
9979063
11218603
3661783
10322925
10968857
10563285
11607854
12143038
2499436
12143038
5066525
2499436
241846
9928785
9928785
241846
1619642
690548
448440
1581425
2110106
12141887
10156936
6060924
2109711
2109711
11091602
11250099
10563285
1906135
1619642
11849960
12141887
12141887
12141887
12141887
12141887
9878428
12141887
9271120
9979063
11218603
631013
10968857
631013
2962688
8205818
9383549
9383549
5356891
2273628
9383549
3001679
11849960
9383549
5356891
10299909
2110106
12242059
11091602
5101147
9239002
12141887
11474179
10968857
10213585
5129428
9339711
2109711
8905458
12143038
12143038
9475950
12141887
631013
631013
1245103
10563285
5356891
7929166
12141887
2273628
5129428
1952301
2273628
12141887
12141887
12141887
9383549
7929166
9112503
9928785
9928785
7929166
2273628
2280176
690548
9383549
5101147
261360
2544204
10968857
10563285
11010288
9383549
10968857
12552555
9112503
12141887
2499436
6960480
3661783
3661783
5356891
12456067
12456067
9383549
448440
6279591
4343259
5129428
445763
10749183
10563285
2273628
2273628
2110106
2499436
9383549
10582495
12456067
2280176
448440
9383549
2280176
9383549
1200132
9383549
2499436
1438239
9223148
4347397
1242067
2080264
2133982
9383549
9383549
2133982
2109711
241846
9383549
2109711
2109711
9383549
2407991
8344767
9383549
2499436
2499436
448440
2241756
2109711
7757792
1438239
2109711
7799776
9339711
2280176
2280176
3170902
9339711
3314546
3357501
2280176
9383549
1438239
2109711
2499436
5840837
3851839
9383549
2273628
3314546
1245103
2273628
9383549
5840837
1312247
1906135
9383549
1242067
2273628
2280176
1906135
3851839
9383549
3632961
3661783
9383549
2962688
4343259
9383549
3661783
3478121
2499436
5101147
1906135
1568290
2280176
11956942
3632961
10563285
9383549
2273628
1242067
7757792
5356891
6535067
2286008
4343259
2273628
2110106
2109711
2300004
1242067
4343259
2286008
2273628
5066525
1344901
2273628
2273628
2273628
9383549
9383549
9383549
4128395
690548
10563285
973163
1906135
1906135
1242067
9383549
1906135
2499436
3001679
1242067
2110106
1568290
2241756
9383549
2109711
2109711
2280176
2109711
9383549
2280176
2962688
4343259
9383549
2241756
9383549
9383549
3632961
7757792
1245103
2273628
5840837
1242067
2273628
1242067
3851839
3478121
3488024
3519948
9383549
3314546
1906135
690548
9383549
4343259
3851839
3170902
10563285
2109711
1568290
2280176
4028645
3851839
3661783
4240456
3357501
9383549
4343259
4343259
9339711
2280176
1438239
1952301
1242067
3632961
6313657
3632961
2133982
4343259
3661783
3170902
3661783
6279591
3661783
448440
3170902
4934354
9383549
4560647
9239002
3001679
5840837
2273628
9383549
5840837
5316814
2273628
2241756
1312247
3632961
10299909
631013
9383549
2273628
2273628
2499436
3632961
1344901
4934354
2499436
9383549
9271120
5930960
2109711
2280176
2499436
9383549
6960480
4343259
5930960
2941012
2273628
5970416
2280176
2273628
2273628
5970416
9383549
2499436
2273628
4458304
1242067
9383549
5970416
8978264
2273628
6279591
9223148
3661783
3661783
3661783
3661783
3661783
2286008
9223148
6279591
5101147
2273628
6535067
9383549
10563285
2273628
9383549
2273628
2273628
9383549
2273628
7041332
2280176
6857083
2273628
2294159
2133982
5840837
4458304
2273628
9383549
5066525
1906135
3478121
6313657
2280176
10830227
2499436
1242067
1242067
2273628
9112503
2273628
2273628
5228104
2133982
4578450
2280176
5840837
261360
2133982
2133982
2273628
6279591
2110106
9383549
2273628
4343259
7757792
3661783
2962688
9383549
5356891
9383549
2273628
1245103
3479234
4347397
2294159
9878428
5986918
4934354
2273628
8205818
1242067
2273628
2273628
12220205
7743183
11754683
1906135
2273628
2962688
2273628
4343259
2280176
5970416
5970416
2273628
261360
2273628
4343259
4343259
2280176
2280176
3661783
3661783
2273628
4240456
5986918
4343259
6279591
10613590
2273628
2273628
6279591
631013
2941012
631013
4343259
9112503
4128395
6279591
4934354
6637719
3661783
4458304
2273628
9383549
1952301
3205202
2273628
1245103
4343259
1245103
9223148
3001679
4347397
1619642
2133982
10591614
2273628
4343259
2133982
2133982
3001679
7728013
7743183
3118253
6279591
6960480
9383549
2280176
2273628
6279591
3001679
2273628
3478121
3661783
2294159
9383549
10968857
448440
8105404
2273628
1906135
2273628
8205818
2294159
5356891
3357501
2300004
9383549
2499436
2273628
2962688
8380831
9383549
2273628
6060924
2300004
2300004
2300004
2300004
3479234
5693086
8661402
9383549
3519948
2133982
2133982
8691982
4934354
2499436
2273628
2499436
2499436
2499436
2499436
2273628
9383549
2499436
7799776
2273628
9383549
2273628
2273628
2300004
6313657
2273628
9383549
3661783
3661783
2273628
2499436
2499436
2499436
631013
8794675
8344767
2273628
2273628
1242067
4343259
2273628
2407991
2499436
2273628
1438239
4240456
2273628
12220205
5840837
2273628
2499436
2273628
2273628
2499436
2941012
2133982
2273628
2273628
3661783
2273628
6637719
2499436
3170902
9383549
2499436
8344767
2499436
5840837
9239002
523472
2499436
9239002
9339711
9339711
5805792
9339711
9383549
9239002
2273628
9397897
9223148
5840837
2109711
7743183
2294159
2499436
9383549
9223148
9223148
9223148
7743183
7743183
7743183
2273628
9239002
9383549
8380831
7757792
11468520
1245103
2273628
9383549
2273628
9909414
9383549
9223148
2273628
261360
6279591
2241756
6637719
9736737
8380831
2280176
11252641
2273628
6060924
1619642
1242067
1906135
5818527
8380831
3170902
9339711
690548
2273628
9909414
2273628
3314546
8380831
10563285
9383549
11956942
9926081
9383549
9271120
2273628
2273628
4560647
9538601
9538601
2499436
7743183
2499436
2133982
1242067
1581425
2499436
3357501
2273628
9383549
6060924
10287115
6857083
4347397
2941012
9383549
8344767
2133982
2941012
1245103
5066525
2133982
2133982
2294159
6857083
6313657
4343259
2499436
9271120
4240456
6665027
9971582
5818527
9383549
3170902
9538601
5818527
2133982
10166221
2110106
2110106
5840837
5818527
5818527
8344767
9383549
2004508
2499436
6857083
6857083
2962688
9383549
7616373
7616373
7616373
9383549
9383549
2499436
2110106
9383549
6960480
2962688
2273628
10299909
10074252
3170902
9271120
2273628
10299909
2133982
9383549
9383549
8380831
6279591
2499436
2499436
2499436
2499436
2499436
2273628
8959893
9383549
2273628
7757792
2273628
2273628
2962688
7914907
9112503
5402834
5840837
2110106
5840837
2941012
6857083
10563285
3314546
2294159
3479234
5066525
2499436
9383549
2280176
5840837
5129428
2499436
8794675
8794675
8794675
9928785
3478121
11252641
2273628
448440
2273628
9383549
2133982
8794675
2499436
10699970
2273628
2499436
2273628
1906135
5356891
9271120
9383549
6313657
2499436
2499436
2499436
2499436
2499436
2499436
2499436
2499436
2499436
2499436
2499436
2499436
2499436
2499436
2499436
2499436
2499436
2499436
2499436
2499436
2499436
2499436
2499436
2499436
2499436
2499436
2499436
2499436
2499436
2499436
2499436
2499436
2499436
2499436
2499436
2499436
2499436
2499436
2499436
2499436
2499436
2499436
2499436
2499436
2499436
2499436
5840837
2273628
9383549
9383549
9383549
9383549
9383549
9383549
9383549
9383549
9383549
9383549
9383549
9383549
9383549
9383549
9383549
9383549
9383549
9383549
9383549
9383549
9383549
9383549
9383549
9383549
9383549
9383549
9383549
9383549
9383549
9383549
9383549
9383549
9383549
9383549
9383549
9383549
9383549
9383549
9383549
9383549
9383549
9383549
9383549
9383549
9383549
9383549
9383549
2273628
9833404
9112503
9112503
10835358
2273628
10074252
9383549
10563285
12220205
9383549
9271120
2499436
5066525
10314966
10314966
2273628
6665027
2133982
2133982
10968857
6060924
2273628
4560647
2273628
5066525
10314966
9239002
10973718
7914907
7540551
10299909
9239002
6857083
5818527
9383549
9383549
9383549
5840837
4023887
9112503
9383549
6060924
2133982
2499436
1242067
8905458
5840837
3479234
690548
690548
2280176
4347397
4934354
11050576
5840837
2273628
4343259
3479234
12141887
11250099
8959893
8959893
2499436
1245103
9383549
9383549
2133982
9383549
9383549
9383549
10103795
8794675
9383549
2280176
9383549
9383549
2273628
2273628
11218603
4560647
2273628
1344901
2273628
2962688
2273628
10299909
9490189
9490189
7041332
8105404
2273628
2273628
11037833
6960480
10103795
11037833
2273628
12220205
5988347
5066525
6847812
2867635
6535067
11468520
3479234
9496492
2273628
3661783
2273628
10968857
11468520
10103795
2273628
10103795
10749183
2273628
9383549
9383549
9383549
9383549
5840837
4028645
9383549
9271120
2273628
2273628
9239002
2273628
9490189
10699970
11474179
2273628
9490189
11468520
2962688
9383549
9383549
6847812
2294159
3661783
9928785
2962688
4578450
2962688
2273628
11744684
9383549
10749183
10462979
3479234
9223148
9383549
2273628
3001679
2273628
5840837
3001679
9383549
4347397
8905458
10968857
10462979
2133982
2133982
9383549
6960480
9979063
9979063
9383549
9383549
2962688
2962688
9383549
2273628
2499436
2273628
9979063
9979063
9383549
10749183
9239002
9383549
10749183
8905458
2273628
1344901
10699970
2499436
11218603
10322925
4240456
2273628
241846
9239002
9112503
10299909
2544204
9979063
11218603
2752830
448440
5840837
9383549
9383549
9383549
11091602
11091602
11091602
11091602
11091602
11091602
690548
2273628
1242067
2273628
10699970
448440
12143038
12143567
11849960
11091602
9971582
10166221
6060924
631013
3001679
10968857
6857083
4934354
9271120
12141887
9383549
8905458
10613590
10968857
11956942
9271120
10462979
6847812
12141887
12141887
12141887
9271120
3632961
2273628
3661783
2133982
10563285
11050576
2273628
9383549
2133982
2273628
12141887
9383549
11050576
10212131
2133982
12141887
5101147
3357501
448440
5840837
2273628
12097960
8794675
9979063
11091602
4560647
8959893
10973718
12141887
11607854
5818527
12456067
2273628
631013
2273628
2286008
6060924
12097960
12220205
12141887
9383549
9383549
9979063
11607854
3661783
9928785
2273628
2273628
11091602
9383549
9383549
9383549
5129428
448440
5840837
4343259
3661783
11050576
11642580
9383549
10166221
2110106
261360
2499436
5129428
448440
5402834
2499436
12220205
2499436
6793653
5129428
2280176
4023887
1245103
8344767
2499436
2273628
2133982
2133982
6060924
10422985
2499436
2499436
9383549
10563285
1581425
2109711
9383549
8022889
4347397
2273628
3632961
3661783
9112503
1438239
2273628
2499436
3479234
2499436
5356891
9239002
9239002
9383549
1344901
1344901
7743183
7743183
1242067
3479234
9397897
2109711
7616373
9239002
2273628
7757792
2273628
2273628
9223148
9223148
7743183
6857083
9538601
8905458
12220205
7041332
8205818
2273628
2499436
1245103
10563285
4128395
9652417
2273628
9685700
631013
1245103
8380831
5356891
6060924
9530069
6060924
6060924
9778610
9383549
2133982
9871510
9271120
2499436
1242067
9909414
9909414
5066525
9271120
2273628
2133982
10563285
261360
2499436
1242067
7757792
6313657
2133982
4023887
9239002
3661783
4343259
9971582
7616373
4560647
6857083
5066525
9112503
6665027
2941012
7914907
5356891
9383549
10563285
3479234
9271120
2133982
2273628
6847812
5970416
2499436
2110106
2110106
10314966
5818527
10322925
10166221
10208683
9271120
7616373
9223148
7616373
7757792
1242067
2110106
2110106
6857083
5066525
2004508
4343259
3661783
2110106
2110106
2962688
2962688
7757792
2280176
9271120
9239002
2133982
3661783
2273628
9112503
9383549
9383549
7616373
3488024
11252641
5129428
4347397
9112503
2273628
12141887
2962688
10597956
2273628
2499436
5066525
2273628
5402834
10635454
2499436
1242067
5840837
5905006
9271120
2133982
6535067
3001679
2941012
5840837
2499436
5356891
3479234
8794675
8794675
3661783
8380831
2962688
2133982
2499436
2499436
1906135
2133982
2499436
2294159
3479234
10212131
9383549
4343259
3661783
8794675
2499436
2499436
2499436
2499436
2499436
2499436
2499436
2499436
2499436
2499436
2499436
2499436
2499436
2499436
2499436
2499436
2499436
2499436
2499436
2499436
2499436
2499436
2499436
2499436
2499436
2499436
2499436
2499436
2499436
2499436
2499436
2499436
2499436
2499436
2499436
2499436
2499436
2499436
2499436
2499436
3001679
5066525
2499436
10835358
9223148
10749183
9383549
9383549
9383549
9383549
9383549
9383549
9383549
9383549
9383549
9383549
9383549
9383549
9383549
9383549
9383549
9383549
9383549
9383549
9383549
9383549
9383549
9383549
9383549
9383549
9383549
9383549
9383549
9383549
9383549
9383549
9383549
9383549
9383549
9383549
9383549
9383549
9383549
9383549
9383549
9383549
9383549
9383549
9383549
9383549
9383549
9383549
9383549
9383549
9383549
9383549
9383549
9383549
9383549
9383549
9383549
9383549
9383549
9383549
9383549
9383549
9383549
9383549
9383549
9383549
9383549
9383549
9383549
9383549
9383549
9383549
9383549
9383549
9383549
9383549
2499436
9112503
2962688
9112503
448440
7616373
9223148
7757792
1906135
2962688
9383549
9383549
9383549
9383549
2109711
9383549
10835358
10314966
2133982
9302552
5129428
4560647
2294159
10314966
6279591
6060924
10968857
9383549
1906135
9833404
10990360
3661783
2273628
3296910
2273628
2273628
5905006
1242067
2133982
7041332
5129428
1344901
2294159
2294159
9383549
9383549
9383549
2110106
2110106
2294159
11091602
2273628
9383549
4343259
5129428
9383549
9271120
8380831
2962688
690548
690548
2499436
4560647
5129428
11218603
3661783
10314966
5129428
2499436
2273628
4560647
9383549
4343259
5986918
5529156
11272320
5529156
5529156
9383549
9383549
2273628
9383549
8905458
2110106
9112503
3314546
8380831
9383549
2273628
11252641
2133982
12167734
11346248
2241756
2280176
448440
10563285
9490189
2109711
3661783
8105404
2280176
2499436
4240456
2273628
12141887
10212131
5356891
5129428
10299909
9490189
9239002
3001679
10314966
11439055
12141887
9239002
10212131
11944796
2133982
2133982
3357501
5129428
2273628
2273628
9239002
9383549
9383549
9383549
9383549
9383549
9383549
5840837
2273628
1619642
3001679
8905458
2273628
9979063
9239002
5818527
5356891
9383549
2962688
2273628
2273628
10074252
9383549
2941012
3661783
5356891
3478121
2499436
5129428
11474179
2280176
2499436
8380831
1245103
11474179
8794675
10749183
6313657
9271120
10749183
1438239
9383549
9383549
1568290
11607854
2273628
2273628
11468520
2499436
9383549
10699970
2280176
9271120
9383549
5402834
4023887
5840837
11829137
6279591
2273628
9383549
9383549
5402834
241846
9979063
4343259
10968857
2273628
9383549
9383549
9383549
4578450
9383549
9383549
8959893
9878428
9878428
12220205
9979063
9979063
9383549
9878428
2241756
3001679
4240456
11010288
12143567
2133982
2273628
9383549
10563285
11607854
2280176
11252641
6793653
10921143
9966244
6279591
2962688
6857083
6857083
10156936
12220205
6847812
448440
2133982
448440
9979063
9383549
9383549
9383549
2273628
9383549
11091602
11091602
11091602
11091602
11091602
9979063
448440
448440
2273628
11218603
2273628
2133982
6313657
4343259
5356891
9383549
2110106
9928785
1906135
10597956
12141887
3661783
2273628
12141887
12141887
1906135
12141887
6060924
12141887
12141887
2133982
2273628
9271120
6793653
5818527
448440
12141887
4560647
11468520
7757792
9383549
5129428
10299909
9383549
3661783
9833404
9383549
10103795
2273628
9339711
9979063
9979063
1906135
2109711
11956942
9979063
10462979
2273628
9239002
1344901
11050576
5101147
2273628
11849960
12141887
1245103
3001679
448440
8794675
2273628
3478121
5840837
10208683
631013
12141887
12141887
6793653
1438239
2941012
9979063
12141887
9928785
9928785
2273628
9339711
11744684
10314966
7041332
4560647
10563285
5402834
1906135
2133982
3661783
7929166
2499436
3661783
11091602
10968857
2133982
9302552